6191
8753
3380
2570
7090
3392
4092
1765
5384
246
362
1131
6871
7141
4714
2438
8762
8727
855
3413
3002
28
1376
7129
6426
110
5427
2711
2550
1592
7401
8741
1345
1780
2310
8434
5171
6402
1199
1555
6647
1560
2685
4518
8701
7398
6955
8462
7125
7809
2874
1126
7837
4250
8255
5262
4360
4681
7972
6909
6273
6373
6649
7617
8152
8959
7050
4323
6360
8249
5878
4006
809
8562
8523
509
6960
6478
8971
5084
5287
2845
6210
4123
7095
5465
384
2454
1145
8356
7418
5728
7011
6034
4880
6969
4084
203
4328
3332
6080
8334
4141
5642
7857
4650
3601
5334
4620
8685
1620
7465
5894
5743
5560
2359
6127
8013
3504
5482
8375
1921
2210
6385
7954
4354
3037
7293
8682
6369
4372
8015
1509
1014
6872
6158
4614
3205
1778
4298
4825
243
1192
1567
5802
3550
7693
4815
7053
4175
4189
8973
1574
7927
4475
5928
1963
2767
5609
8331
7139
4624
840
2495
6997
3765
5700
8775
8063
1525
17
254
3092
5819
3803
1785
1633
1856
5959
5822
1829
3344
7396
755
7818
2718
1585
931
2048
8723
5555
2888
7875
8049
885
2640
4749
659
1702
676
1955
364
6494
5758
2149
8127
7613
8108
4948
442
2451
3343
1196
1269
7666
3914
2853
8596
5962
2576
5150
8849
1450
4199
733
4089
8947
1391
5790
6220
2067
7745
6584
8561
4502
8732
7687
3115
7839
3635
3557
1289
6978
4753
2558
5643
8666
5410
5238
5627
7985
1388
5475
435
5587
6208
4524
5533
7599
1314
2752
665
58
335
225
4560
67
7912
7675
7905
2546
2231
194
523
6984
2751
6165
8160
2403
3276
7145
3791
8750
7580
377
5958
3103
5910
4556
4416
8661
5220
4474
8996
5445
34
62
4356
7708
7967
6902
939
7425
7922
1910
4590
5571
1070
6993
8846
8215
1783
6794
2159
5553
897
8068
1108
5312
7729
6328
786
7725
2772
819
7787
7128
8526
6753
5030
465
5913
3454
8387
7822
8044
4958
8892
6036
4803
8106
4399
5899
977
951
6796
45
2059
3107
7773
8386
3893
6498
2158
4711
5284
286
4237
5315
4701
8949
8769
4088
7771
7812
7662
4848
4847
6767
3665
3666
4642
1461
4686
3254
4568
3458
8460
955
4797
4170
6239
5083
8406
275
1398
4107
224
1166
8194
7994
8978
8239
6655
4086
4422
8490
4331
8087
4131
5526
548
8817
8780
5115
3275
2419
4575
4230
7216
8744
1468
3299
8150
1743
4696
3257
1966
5861
959
5839
1689
7614
1664
5774
3035
1154
1104
2121
5285
6630
2668
5101
6409
7783
8828
3357
3604
7044
3101
5072
1342
2250
6814
6037
5506
2898
7956
738
8737
645
8351
1400
6418
2386
2554
7522
4506
7838
5151
7174
3939
2560
5957
3313
2387
313
6917
431
2988
1773
5663
802
2169
581
1707
1124
1319
1443
1769
670
2843
8186
3055
5396
6707
7561
4234
2858
5734
8172
5417
2690
2484
7804
3003
401
8234
6416
3389
1006
3078
4190
8815
5246
4771
1521
6370
6089
2964
8138
6759
5806
7324
813
2201
5031
8373
6434
7888
5107
5606
4304
7797
8090
3108
1800
2341
2878
3347
2292
7068
3162
7538
2838
4683
4907
8927
7646
4045
6686
4452
2368
7498
6653
4087
6285
2978
692
1589
1774
8781
3573
8270
7037
2788
2148
1384
5079
216
4545
3616
3054
228
2980
7873
3567
3325
5935
8163
4333
5063
1617
11
5754
3206
5534
7902
5358
4804
5938
8145
6952
7322
4224
7167
2866
7840
1220
3094
7362
4200
1967
1929
4865
5291
7863
4028
6267
3195
1061
2329
4812
1071
8083
8018
2856
4617
6919
8213
420
3857
7357
7371
2178
2580
5538
5043
1419
6757
8137
1957
1103
1709
6821
6393
572
1848
3659
3767
2909
5988
8578
3979
5070
7596
6834
686
5514
6046
1106
370
4403
8477
2547
6983
5014
7590
8402
2771
6726
8182
4727
7829
891
2548
5221
1462
4395
8880
5229
7303
5868
4807
2282
1938
3402
116
2624
8916
6162
3729
285
1565
2832
8547
8219
1422
7948
1989
8148
7130
6716
6976
8020
263
3196
482
4658
3076
5710
2961
8943
1516
5242
1880
4918
4504
4833
2519
8232
5118
4083
2437
7949
3630
1656
2578
3645
8517
707
1360
6493
1622
689
208
6279
3764
5918
240
3707
7434
5481
3351
1839
1090
8184
4357
322
4301
8440
2758
3249
3069
4414
3619
5646
8058
3136
6353
417
628
6079
2039
1317
6287
8318
5080
3204
8557
8787
1638
5038
5373
4989
6876
6463
4172
2233
6784
8473
1672
542
2722
4741
4955
6340
1387
4012
476
7739
4429
4818
6467
2420
2104
5784
7500
5308
5340
7286
6946
1378
2934
8253
1121
7106
1485
7904
6578
3157
8445
299
7898
6639
284
8411
7115
8023
3839
8218
3841
1306
5944
7089
137
2252
3429
7422
197
4806
2080
3131
4059
3200
1237
5543
7814
8700
1548
8113
7597
5947
5752
7881
5357
3866
6903
196
3084
1501
4721
8590
4857
3019
3279
1135
7825
5359
4266
2883
8559
5502
8426
1662
4316
8125
3210
6721
156
181
5601
5513
4046
5709
5247
7210
2850
3933
6800
7707
4871
818
1986
6006
8642
7344
1272
2525
6773
1950
8564
2089
1074
2773
5517
7794
2929
5697
8442
743
4144
3360
1722
8077
1159
429
3947
1977
2414
953
1619
757
2224
4143
7659
8997
6092
7223
2085
9135
9003
9275
9060
9463
9069
9243
9097
9431
9021
9108
9002
9378
9606
9384
9741
9585
9241
9891
9802
9132
9889
9562
9703
9356
9206
9878
9073
9612
9584
9209
9616
9860
9270
9079
9930
9513
9177
9361
9534
9285
9364
9912
9749
9654
9476
9990
9545
9546
9793
9677
9436
9355
9381
9792
9259
9866
9175
9844
9075
9791
9705
9345
9871
9636
9859
9048
9997
9393
9333
9362
9306
9225
9111
9960
9702
9102
9506
9249
9895
9184
9685
9251
9566
9478
9813
9826
9344
9988
9671
9420
9780
9376
9765
9651
9013
9624
9700
9010
9018